5 0 0 0 0 0 0 0 0 0 0 0 0 0 0 4 
5 0 0 0 0 0 0 0 0 0 0 0 0 0 0 4 
5 0 0 0 0 0 0 0 0 0 0 0 0 0 0 4 
5 0 0 1 3 0 0 0 0 0 0 0 0 0 0 4 
5 0 0 0 0 0 0 0 0 0 0 0 0 0 0 4 
5 0 0 a 0 0 0 0 0 1 2 2 2 3 0 4 
5 0 0 0 0 0 0 0 0 0 0 0 0 0 0 4 
5 0 0 0 0 0 0 0 0 0 0 0 0 0 0 4 
5 0 0 0 0 0 0 0 0 0 0 0 0 0 0 4 
5 0 0 1 2 3 0 0 0 0 0 0 0 0 0 4 
5 0 0 0 0 0 0 0 0 0 0 0 0 0 0 4 
5 0 0 0 0 0 0 0 0 0 0 0 0 0 0 4 
5 1 2 3 0 0 0 0 1 2 2 2 2 2 3 4 
5 0 0 0 0 0 0 0 4 0 0 0 0 0 5 4 
5 0 0 9 0 0 0 0 4 0 0 0 0 0 5 4 
5 0 0 1 2 2 2 2 6 0 0 0 0 0 5 4 
5 0 0 4 0 0 0 0 0 0 0 0 0 0 5 4 
5 0 0 4 0 0 0 0 0 0 0 0 0 0 5 4 